{
 "cells": [
  {
   "cell_type": "markdown",
   "metadata": {},
   "source": [
    "# Week 1 \n",
    "\n",
    "The purpose of this week's exercise is twofold: First, to introduce you to Numpy and making you familiar with the library and some of its pitfalls. Second, you will apply this to estimate the linear model using OLS."
   ]
  },
  {
   "cell_type": "markdown",
   "metadata": {},
   "source": [
    "(Jupyter Basics) A few things to note about Jupyter Notebook (ipynb files). (1) Notebooks may run cells individually by selecting a cell and using ctrl + enter. (2) Each notebook runs on a kernel which is selected by the user the first time a cell is run. (3) The kernel \"stores\" variables as the code is run. To utilize code in a proceeding cell, it is neccessary to run the previous cell. Be careful with overlapping variable names across cells. It becomes messy to clean up.\n",
    "\n",
    "* The kernel in this case is your installation of Python. Make sure your installation of Python is visible to your environment."
   ]
  },
  {
   "cell_type": "markdown",
   "metadata": {},
   "source": [
    "Please note that some of the exercises are purposefully made to return errors. Take the time to identify why they occur."
   ]
  },
  {
   "cell_type": "markdown",
   "metadata": {},
   "source": [
    "## A short introduction to Numpy and Linear Algebra (Linalg)\n",
    "First, import all necessary packages. If you are missing a package, you can either install it through your terminal using pip, or an Anaconda terminal using conda."
   ]
  },
  {
   "cell_type": "code",
   "execution_count": 1,
   "metadata": {},
   "outputs": [],
   "source": [
    "import numpy as np # We import the package numpy and name it \"np\"\n",
    "from numpy import linalg as la # We import the subpackage linalg from numpy and name it \"la\". In most cases, importing a subpackage is not neccessary when the overarching package has been imported, although lacking dependencies may change functionality in some cases.\n",
    "from numpy import random as random\n",
    "from tabulate import tabulate\n",
    "#(NB if you havent got tabulate yet, install it using pip install tabulate)\n",
    "from matplotlib import pyplot as plt"
   ]
  },
  {
   "cell_type": "markdown",
   "metadata": {},
   "source": [
    "### Entering matrices manually\n",
    "To create a $1\\times9$ *row* vector write,"
   ]
  },
  {
   "cell_type": "code",
   "execution_count": 2,
   "metadata": {},
   "outputs": [
    {
     "name": "stdout",
     "output_type": "stream",
     "text": [
      "[1 2 3 4 5 6 7 8 9]\n"
     ]
    }
   ],
   "source": [
    "row = np.array([1, 2, 3, 4, 5, 6, 7, 8, 9])\n",
    "print(row)"
   ]
  },
  {
   "cell_type": "markdown",
   "metadata": {},
   "source": [
    "To create a $9\\times1$ *column* vector write,"
   ]
  },
  {
   "cell_type": "code",
   "execution_count": 3,
   "metadata": {},
   "outputs": [
    {
     "name": "stdout",
     "output_type": "stream",
     "text": [
      "[[1]\n",
      " [2]\n",
      " [3]\n",
      " [4]\n",
      " [5]\n",
      " [6]\n",
      " [7]\n",
      " [8]\n",
      " [9]]\n"
     ]
    }
   ],
   "source": [
    "col = np.array([[1], [2], [3], [4], [5], [6], [7], [8], [9]])\n",
    "print(col)"
   ]
  },
  {
   "cell_type": "markdown",
   "metadata": {},
   "source": [
    "An easier method is to define a row vector, and transpose it. Notice the double [[]]. Try to see what happens if you transpose a row vector using only []."
   ]
  },
  {
   "cell_type": "code",
   "execution_count": 8,
   "metadata": {},
   "outputs": [
    {
     "name": "stdout",
     "output_type": "stream",
     "text": [
      "[[1]\n",
      " [2]\n",
      " [3]\n",
      " [4]\n",
      " [5]\n",
      " [6]\n",
      " [7]\n",
      " [8]\n",
      " [9]]\n"
     ]
    }
   ],
   "source": [
    "col = np.array([[1, 2, 3, 4, 5, 6, 7, 8, 9]]).T\n",
    "print(col)"
   ]
  },
  {
   "cell_type": "markdown",
   "metadata": {},
   "source": [
    "**A short note on numpy vectors**\n",
    "Numpy does not treat vectors and matrices the same. A *true* numpy vector has the shape (k,), . The shape of a numpy array is an attribute, how do you call this attribute for the `row` and `col` arrays? What is the shape of the `row.T` array? "
   ]
  },
  {
   "cell_type": "code",
   "execution_count": 11,
   "metadata": {},
   "outputs": [
    {
     "name": "stdout",
     "output_type": "stream",
     "text": [
      "(9,)\n",
      "(9, 1)\n",
      "(9,)\n"
     ]
    }
   ],
   "source": [
    "# Call the shape attribute for the row and col vars. Check the shape of col.T\n",
    "\n",
    "print(row.shape)\n",
    "print(col.shape)\n",
    "print((row.T).shape)"
   ]
  },
  {
   "cell_type": "markdown",
   "metadata": {},
   "source": [
    "To create a matrix, you combine what you have learned to manually create a $3 \\times 3$ matrix called x, that has the numbers 0 to 8."
   ]
  },
  {
   "cell_type": "code",
   "execution_count": 21,
   "metadata": {},
   "outputs": [
    {
     "name": "stdout",
     "output_type": "stream",
     "text": [
      "[[0 1 2]\n",
      " [3 4 5]\n",
      " [6 7 8]]\n"
     ]
    }
   ],
   "source": [
    "x = np.array([[0, 1, 2], [3, 4, 5], [6, 7, 8]])\n",
    "print(x)"
   ]
  },
  {
   "cell_type": "markdown",
   "metadata": {},
   "source": [
    "Create the same $3 \\times 3$ using `np.arange()` and np.reshape()"
   ]
  },
  {
   "cell_type": "code",
   "execution_count": 29,
   "metadata": {},
   "outputs": [
    {
     "name": "stdout",
     "output_type": "stream",
     "text": [
      "[[0 1 2]\n",
      " [3 4 5]\n",
      " [6 7 8]]\n"
     ]
    }
   ],
   "source": [
    "x = np.arange(9).reshape(3, 3)\n",
    "print(x)"
   ]
  },
  {
   "cell_type": "markdown",
   "metadata": {},
   "source": [
    "### Matrix calculations \n",
    "There are several types of matrix calculations available to us with the numpy library, and we will introduce some here.\n",
    "\n",
    "For matrix **multiplication** you can for the matrices `a` and `b` use `a@b`, `np.dot(a, b)` or `a.dot(b)`\n",
    "\n",
    "Perform matrix multiplication on the following:\n",
    "- `row`$\\cdot$`row'`, `row'`$\\cdot$`row`, `row`$\\cdot$`row`;\n",
    "- `col`$\\cdot$`col'`, `col'`$\\cdot$`col`, `col`$\\cdot$`col`;\n",
    "- `x`$\\cdot$`x`, `row`$\\cdot$`col'`, `col`$\\cdot$`row'`.\n",
    "\n",
    "Does the `row` vector behave as you would expect?"
   ]
  },
  {
   "cell_type": "code",
   "execution_count": 45,
   "metadata": {},
   "outputs": [
    {
     "name": "stdout",
     "output_type": "stream",
     "text": [
      "285\n",
      "285\n",
      "285\n"
     ]
    }
   ],
   "source": [
    "print(row@row.T)\n",
    "print(np.dot(row.T,row))\n",
    "print(row@row)"
   ]
  },
  {
   "cell_type": "code",
   "execution_count": 47,
   "metadata": {},
   "outputs": [
    {
     "name": "stdout",
     "output_type": "stream",
     "text": [
      "[[ 1  2  3  4  5  6  7  8  9]\n",
      " [ 2  4  6  8 10 12 14 16 18]\n",
      " [ 3  6  9 12 15 18 21 24 27]\n",
      " [ 4  8 12 16 20 24 28 32 36]\n",
      " [ 5 10 15 20 25 30 35 40 45]\n",
      " [ 6 12 18 24 30 36 42 48 54]\n",
      " [ 7 14 21 28 35 42 49 56 63]\n",
      " [ 8 16 24 32 40 48 56 64 72]\n",
      " [ 9 18 27 36 45 54 63 72 81]]\n",
      "[[285]]\n"
     ]
    },
    {
     "ename": "ValueError",
     "evalue": "matmul: Input operand 1 has a mismatch in its core dimension 0, with gufunc signature (n?,k),(k,m?)->(n?,m?) (size 9 is different from 1)",
     "output_type": "error",
     "traceback": [
      "\u001b[0;31m---------------------------------------------------------------------------\u001b[0m",
      "\u001b[0;31mValueError\u001b[0m                                Traceback (most recent call last)",
      "Cell \u001b[0;32mIn[47], line 3\u001b[0m\n\u001b[1;32m      1\u001b[0m \u001b[38;5;28mprint\u001b[39m(col\u001b[38;5;129m@col\u001b[39m\u001b[38;5;241m.\u001b[39mT)\n\u001b[1;32m      2\u001b[0m \u001b[38;5;28mprint\u001b[39m(col\u001b[38;5;241m.\u001b[39mT\u001b[38;5;129m@col\u001b[39m)\n\u001b[0;32m----> 3\u001b[0m \u001b[38;5;28mprint\u001b[39m(col\u001b[38;5;129m@col\u001b[39m)\n",
      "\u001b[0;31mValueError\u001b[0m: matmul: Input operand 1 has a mismatch in its core dimension 0, with gufunc signature (n?,k),(k,m?)->(n?,m?) (size 9 is different from 1)"
     ]
    }
   ],
   "source": [
    "print(col@col.T)\n",
    "print(col.T@col)\n",
    "print(col@col)"
   ]
  },
  {
   "cell_type": "code",
   "execution_count": 58,
   "metadata": {},
   "outputs": [
    {
     "name": "stdout",
     "output_type": "stream",
     "text": [
      "[[ 15  18  21]\n",
      " [ 42  54  66]\n",
      " [ 69  90 111]]\n"
     ]
    },
    {
     "ename": "ValueError",
     "evalue": "matmul: Input operand 1 has a mismatch in its core dimension 0, with gufunc signature (n?,k),(k,m?)->(n?,m?) (size 1 is different from 9)",
     "output_type": "error",
     "traceback": [
      "\u001b[0;31m---------------------------------------------------------------------------\u001b[0m",
      "\u001b[0;31mValueError\u001b[0m                                Traceback (most recent call last)",
      "Cell \u001b[0;32mIn[58], line 2\u001b[0m\n\u001b[1;32m      1\u001b[0m \u001b[38;5;28mprint\u001b[39m(x\u001b[38;5;129m@x\u001b[39m)\n\u001b[0;32m----> 2\u001b[0m \u001b[38;5;28mprint\u001b[39m(row\u001b[38;5;129m@col\u001b[39m\u001b[38;5;241m.\u001b[39mT)\n\u001b[1;32m      3\u001b[0m \u001b[38;5;28mprint\u001b[39m(col\u001b[38;5;129m@row\u001b[39m\u001b[38;5;241m.\u001b[39mT)\n",
      "\u001b[0;31mValueError\u001b[0m: matmul: Input operand 1 has a mismatch in its core dimension 0, with gufunc signature (n?,k),(k,m?)->(n?,m?) (size 1 is different from 9)"
     ]
    }
   ],
   "source": [
    "print(x@x)\n",
    "print(row@col.T)\n",
    "print(col@row.T)"
   ]
  },
  {
   "cell_type": "markdown",
   "metadata": {},
   "source": [
    "What happens if you use `*` and `/` operators on the same pairs as above? Does the `col` vector behave as you would expect?"
   ]
  },
  {
   "cell_type": "code",
   "execution_count": 54,
   "metadata": {},
   "outputs": [
    {
     "name": "stdout",
     "output_type": "stream",
     "text": [
      "[ 1  4  9 16 25 36 49 64 81]\n",
      "[ 1  4  9 16 25 36 49 64 81]\n",
      "[1. 1. 1. 1. 1. 1. 1. 1. 1.]\n",
      "[1. 1. 1. 1. 1. 1. 1. 1. 1.]\n",
      "[1. 1. 1. 1. 1. 1. 1. 1. 1.]\n"
     ]
    }
   ],
   "source": [
    "#print( # FILL IN HERE )\n",
    "print(row.T*row)\n",
    "print(row*row)\n",
    "print(row/row.T)\n",
    "print(row.T/row)\n",
    "print(row/row)"
   ]
  },
  {
   "cell_type": "code",
   "execution_count": 55,
   "metadata": {},
   "outputs": [
    {
     "name": "stdout",
     "output_type": "stream",
     "text": [
      "[[ 1  2  3  4  5  6  7  8  9]\n",
      " [ 2  4  6  8 10 12 14 16 18]\n",
      " [ 3  6  9 12 15 18 21 24 27]\n",
      " [ 4  8 12 16 20 24 28 32 36]\n",
      " [ 5 10 15 20 25 30 35 40 45]\n",
      " [ 6 12 18 24 30 36 42 48 54]\n",
      " [ 7 14 21 28 35 42 49 56 63]\n",
      " [ 8 16 24 32 40 48 56 64 72]\n",
      " [ 9 18 27 36 45 54 63 72 81]]\n",
      "[[ 1]\n",
      " [ 4]\n",
      " [ 9]\n",
      " [16]\n",
      " [25]\n",
      " [36]\n",
      " [49]\n",
      " [64]\n",
      " [81]]\n",
      "[[1.         0.5        0.33333333 0.25       0.2        0.16666667\n",
      "  0.14285714 0.125      0.11111111]\n",
      " [2.         1.         0.66666667 0.5        0.4        0.33333333\n",
      "  0.28571429 0.25       0.22222222]\n",
      " [3.         1.5        1.         0.75       0.6        0.5\n",
      "  0.42857143 0.375      0.33333333]\n",
      " [4.         2.         1.33333333 1.         0.8        0.66666667\n",
      "  0.57142857 0.5        0.44444444]\n",
      " [5.         2.5        1.66666667 1.25       1.         0.83333333\n",
      "  0.71428571 0.625      0.55555556]\n",
      " [6.         3.         2.         1.5        1.2        1.\n",
      "  0.85714286 0.75       0.66666667]\n",
      " [7.         3.5        2.33333333 1.75       1.4        1.16666667\n",
      "  1.         0.875      0.77777778]\n",
      " [8.         4.         2.66666667 2.         1.6        1.33333333\n",
      "  1.14285714 1.         0.88888889]\n",
      " [9.         4.5        3.         2.25       1.8        1.5\n",
      "  1.28571429 1.125      1.        ]]\n",
      "[[1.         2.         3.         4.         5.         6.\n",
      "  7.         8.         9.        ]\n",
      " [0.5        1.         1.5        2.         2.5        3.\n",
      "  3.5        4.         4.5       ]\n",
      " [0.33333333 0.66666667 1.         1.33333333 1.66666667 2.\n",
      "  2.33333333 2.66666667 3.        ]\n",
      " [0.25       0.5        0.75       1.         1.25       1.5\n",
      "  1.75       2.         2.25      ]\n",
      " [0.2        0.4        0.6        0.8        1.         1.2\n",
      "  1.4        1.6        1.8       ]\n",
      " [0.16666667 0.33333333 0.5        0.66666667 0.83333333 1.\n",
      "  1.16666667 1.33333333 1.5       ]\n",
      " [0.14285714 0.28571429 0.42857143 0.57142857 0.71428571 0.85714286\n",
      "  1.         1.14285714 1.28571429]\n",
      " [0.125      0.25       0.375      0.5        0.625      0.75\n",
      "  0.875      1.         1.125     ]\n",
      " [0.11111111 0.22222222 0.33333333 0.44444444 0.55555556 0.66666667\n",
      "  0.77777778 0.88888889 1.        ]]\n",
      "[[1.]\n",
      " [1.]\n",
      " [1.]\n",
      " [1.]\n",
      " [1.]\n",
      " [1.]\n",
      " [1.]\n",
      " [1.]\n",
      " [1.]]\n"
     ]
    }
   ],
   "source": [
    "#print( # FILL IN HERE )\n",
    "print(col.T*col)\n",
    "print(col*col)\n",
    "print(col/col.T)\n",
    "print(col.T/col)\n",
    "print(col/col)"
   ]
  },
  {
   "cell_type": "code",
   "execution_count": 56,
   "metadata": {},
   "outputs": [
    {
     "name": "stdout",
     "output_type": "stream",
     "text": [
      "[[ 1  2  3  4  5  6  7  8  9]\n",
      " [ 2  4  6  8 10 12 14 16 18]\n",
      " [ 3  6  9 12 15 18 21 24 27]\n",
      " [ 4  8 12 16 20 24 28 32 36]\n",
      " [ 5 10 15 20 25 30 35 40 45]\n",
      " [ 6 12 18 24 30 36 42 48 54]\n",
      " [ 7 14 21 28 35 42 49 56 63]\n",
      " [ 8 16 24 32 40 48 56 64 72]\n",
      " [ 9 18 27 36 45 54 63 72 81]]\n",
      "[[ 1  2  3  4  5  6  7  8  9]\n",
      " [ 2  4  6  8 10 12 14 16 18]\n",
      " [ 3  6  9 12 15 18 21 24 27]\n",
      " [ 4  8 12 16 20 24 28 32 36]\n",
      " [ 5 10 15 20 25 30 35 40 45]\n",
      " [ 6 12 18 24 30 36 42 48 54]\n",
      " [ 7 14 21 28 35 42 49 56 63]\n",
      " [ 8 16 24 32 40 48 56 64 72]\n",
      " [ 9 18 27 36 45 54 63 72 81]]\n",
      "[[nan  1.  1.]\n",
      " [ 1.  1.  1.]\n",
      " [ 1.  1.  1.]]\n",
      "[[1.         2.         3.         4.         5.         6.\n",
      "  7.         8.         9.        ]\n",
      " [0.5        1.         1.5        2.         2.5        3.\n",
      "  3.5        4.         4.5       ]\n",
      " [0.33333333 0.66666667 1.         1.33333333 1.66666667 2.\n",
      "  2.33333333 2.66666667 3.        ]\n",
      " [0.25       0.5        0.75       1.         1.25       1.5\n",
      "  1.75       2.         2.25      ]\n",
      " [0.2        0.4        0.6        0.8        1.         1.2\n",
      "  1.4        1.6        1.8       ]\n",
      " [0.16666667 0.33333333 0.5        0.66666667 0.83333333 1.\n",
      "  1.16666667 1.33333333 1.5       ]\n",
      " [0.14285714 0.28571429 0.42857143 0.57142857 0.71428571 0.85714286\n",
      "  1.         1.14285714 1.28571429]\n",
      " [0.125      0.25       0.375      0.5        0.625      0.75\n",
      "  0.875      1.         1.125     ]\n",
      " [0.11111111 0.22222222 0.33333333 0.44444444 0.55555556 0.66666667\n",
      "  0.77777778 0.88888889 1.        ]]\n",
      "[[1.         0.5        0.33333333 0.25       0.2        0.16666667\n",
      "  0.14285714 0.125      0.11111111]\n",
      " [2.         1.         0.66666667 0.5        0.4        0.33333333\n",
      "  0.28571429 0.25       0.22222222]\n",
      " [3.         1.5        1.         0.75       0.6        0.5\n",
      "  0.42857143 0.375      0.33333333]\n",
      " [4.         2.         1.33333333 1.         0.8        0.66666667\n",
      "  0.57142857 0.5        0.44444444]\n",
      " [5.         2.5        1.66666667 1.25       1.         0.83333333\n",
      "  0.71428571 0.625      0.55555556]\n",
      " [6.         3.         2.         1.5        1.2        1.\n",
      "  0.85714286 0.75       0.66666667]\n",
      " [7.         3.5        2.33333333 1.75       1.4        1.16666667\n",
      "  1.         0.875      0.77777778]\n",
      " [8.         4.         2.66666667 2.         1.6        1.33333333\n",
      "  1.14285714 1.         0.88888889]\n",
      " [9.         4.5        3.         2.25       1.8        1.5\n",
      "  1.28571429 1.125      1.        ]]\n"
     ]
    },
    {
     "name": "stderr",
     "output_type": "stream",
     "text": [
      "/var/folders/24/czmv85dj1_3dcc2tc4x8kd0r0000gn/T/ipykernel_40661/1840388431.py:4: RuntimeWarning: invalid value encountered in divide\n",
      "  print(x/x)\n"
     ]
    }
   ],
   "source": [
    "#print( # FILL IN HERE )\n",
    "print(row*col)\n",
    "print(col*row)\n",
    "print(x/x)\n",
    "print(row/col)\n",
    "print(col/row)"
   ]
  },
  {
   "cell_type": "markdown",
   "metadata": {},
   "source": [
    "For OLS we need to be able to calculate the inverse. This is done with the `linalg` submodule. Create a new matrix that we can calculate the inverse on. Why can't we take the inverse of `x`?"
   ]
  },
  {
   "cell_type": "code",
   "execution_count": 68,
   "metadata": {},
   "outputs": [
    {
     "name": "stdout",
     "output_type": "stream",
     "text": [
      "[[1 4 6]\n",
      " [3 5 0]\n",
      " [1 2 3]]\n"
     ]
    }
   ],
   "source": [
    "y = np.array([1, 4, 6, 3, 5, 0, 1, 2, 3])\n",
    "y = y.reshape(3, 3)\n",
    "print(y)"
   ]
  },
  {
   "cell_type": "code",
   "execution_count": 75,
   "metadata": {},
   "outputs": [
    {
     "name": "stdout",
     "output_type": "stream",
     "text": [
      "[[-1.0e+00 -1.5e-16  2.0e+00]\n",
      " [ 6.0e-01  2.0e-01 -1.2e+00]\n",
      " [-6.7e-02 -1.3e-01  4.7e-01]]\n"
     ]
    }
   ],
   "source": [
    "inverse = np.linalg.inv(y)\n",
    "print(inverse)"
   ]
  },
  {
   "cell_type": "markdown",
   "metadata": {},
   "source": [
    "What do we normally need to check before we take the inverse? What `numpy.linalg` methods can we use to help us check for this?"
   ]
  },
  {
   "cell_type": "markdown",
   "metadata": {},
   "source": [
    "Man skal tjekke, om matricen er regulær eller singulær. Hvis den er regulær (non-singular), så er den invertibel, og hvis den er singulær (singular), så er den ikke invertibel. Man tjekker dette ud fra, hvorvidt determinanten er 0 eller ej."
   ]
  },
  {
   "cell_type": "code",
   "execution_count": 76,
   "metadata": {},
   "outputs": [
    {
     "name": "stdout",
     "output_type": "stream",
     "text": [
      "Matrix is singular (not invertible)\n"
     ]
    }
   ],
   "source": [
    "det = np.linalg.det(x)\n",
    "if det != 0:\n",
    "    print(\"Matrix is non-singular (invertible)\")\n",
    "else:\n",
    "    print(\"Matrix is singular (not invertible)\")"
   ]
  },
  {
   "cell_type": "code",
   "execution_count": 77,
   "metadata": {},
   "outputs": [
    {
     "name": "stdout",
     "output_type": "stream",
     "text": [
      "Matrix is non-singular (invertible)\n"
     ]
    }
   ],
   "source": [
    "det = np.linalg.det(y)\n",
    "if det != 0:\n",
    "    print(\"Matrix is non-singular (invertible)\")\n",
    "else:\n",
    "    print(\"Matrix is singular (not invertible)\")"
   ]
  },
  {
   "cell_type": "markdown",
   "metadata": {},
   "source": [
    "### Stack vectors or matrices together\n",
    "If you have several 1-D vectors (has the shape (k,)), you can use `np.column_stack()` to get a matrix with the input vectors put together as column.\n",
    "\n",
    "If you have matrices (or arrays) that are multidimensional (have the shape (k, t)), you can use `np.hstack()` (means horizontal stack). This is very useful if you already have a matrix, and you want to add a vector.\n",
    "\n",
    "(i) Try to make a matrix with two `row` vectors, this should give you a $9 \\times 2$ vector.\n",
    "\n",
    "(ii) Make a new vector, and add it to the `x` matrix. This should then be a $3 \\times 4$ matrix"
   ]
  },
  {
   "cell_type": "code",
   "execution_count": 81,
   "metadata": {},
   "outputs": [
    {
     "name": "stdout",
     "output_type": "stream",
     "text": [
      "[[1 1]\n",
      " [2 2]\n",
      " [3 3]\n",
      " [4 4]\n",
      " [5 5]\n",
      " [6 6]\n",
      " [7 7]\n",
      " [8 8]\n",
      " [9 9]]\n"
     ]
    }
   ],
   "source": [
    "m1 = np.column_stack((row, row))\n",
    "print(m1)"
   ]
  },
  {
   "cell_type": "code",
   "execution_count": 85,
   "metadata": {},
   "outputs": [
    {
     "name": "stdout",
     "output_type": "stream",
     "text": [
      "[[0 1 2 3]\n",
      " [3 4 5 4]\n",
      " [6 7 8 5]]\n"
     ]
    }
   ],
   "source": [
    "xadd = np.arange(3,6)\n",
    "m2 = np.column_stack((x, xadd))\n",
    "print(m2)"
   ]
  },
  {
   "cell_type": "markdown",
   "metadata": {},
   "source": [
    "### Other methods that you need to know.\n",
    "The numpy library is vast. Some other methods that are useful are `ones`, `diag`, `diagonal`, `eye`."
   ]
  },
  {
   "cell_type": "markdown",
   "metadata": {},
   "source": [
    "## Exercise 1 - Data generation\n",
    "### 1.1 \n",
    "Create a synthetic dataset with the following characteristics\n",
    "\n",
    "\\begin{align}\n",
    "    y_i &= \\beta_0 + x_{1i}\\beta_1 + x_{2i}\\beta_2 + \\varepsilon_i\n",
    "\\end{align}\n",
    "\n",
    "where $\\beta_0=1$, $\\beta_1 = -0.5$, $\\beta_2 = 2$, $x_{1i} \\sim \\mathcal{N}(0, 4)$, $x_{2i} \\sim \\mathcal{N}(5, 9)$, $\\varepsilon_i \\sim \\mathcal{N}(0, 1)$, and $(x_{1i},x_{2i})$ and $\\varepsilon_i$ are independent, and where $i = 0, ..., 99$. <br>"
   ]
  },
  {
   "cell_type": "code",
   "execution_count": 90,
   "metadata": {},
   "outputs": [
    {
     "name": "stdout",
     "output_type": "stream",
     "text": [
      "[[ 1. ]\n",
      " [-0.5]\n",
      " [ 2. ]]\n"
     ]
    }
   ],
   "source": [
    "print(b)"
   ]
  },
  {
   "cell_type": "code",
   "execution_count": 104,
   "metadata": {},
   "outputs": [
    {
     "name": "stdout",
     "output_type": "stream",
     "text": [
      "(100, 1)\n"
     ]
    }
   ],
   "source": [
    "# Create a seed to always have identical draws.\n",
    "seed = 42\n",
    "# Instance a random number generator using this seed.\n",
    "rng = random.default_rng(seed=seed)\n",
    "n = 100\n",
    "b = np.array([1, -0.5, 2]).reshape(-1, 1)\n",
    "\n",
    "# Make random draws from a normal distribution.\n",
    "def random_draws(n):\n",
    "    x0 = np.ones(n)\n",
    "    x1 = rng.normal(0, 4, n)\n",
    "    x2 = rng.normal(5, 9, n)\n",
    "    eps = rng.standard_normal(n).reshape(-1,1)\n",
    "    \n",
    "    # Stack the single columns into a matrix, \n",
    "    X = np.column_stack((x0, x1, x2))\n",
    "    \n",
    "    return X, eps\n",
    "\n",
    "X, eps = random_draws(n)\n",
    "\n",
    "# Create y using the betas, X and eps.#\n",
    "Y = X@b + eps\n",
    "\n",
    "# Does y have the dimensions you expect?\n",
    "print(Y.shape)"
   ]
  },
  {
   "cell_type": "markdown",
   "metadata": {},
   "source": [
    "### 1.2 \n",
    "Imagine that you had not generated the dataset yourself, but that you were given a similar data set that was already collected (generated) and ready to analyze. What would you observe and not observe in that data set?"
   ]
  },
  {
   "cell_type": "code",
   "execution_count": 102,
   "metadata": {},
   "outputs": [],
   "source": [
    "#det må du lige tage fra svarark"
   ]
  },
  {
   "cell_type": "markdown",
   "metadata": {},
   "source": [
    "## Exercise 2 - OLS\n",
    "### 2.1\n",
    "Make sure to remember the mathematical equation for the OLS estimation, as we will later use it to estimate the beta coefficients using data from the previous exercise.<br> \n",
    "**Write out the OLS estimator in matrix form:**\n"
   ]
  },
  {
   "cell_type": "markdown",
   "metadata": {},
   "source": [
    "$\\hat{\\boldsymbol{\\beta}} = \\text{Fill in here} $ "
   ]
  },
  {
   "cell_type": "markdown",
   "metadata": {},
   "source": [
    "*Hint: Look it up on p.57 in Wooldridge*"
   ]
  },
  {
   "cell_type": "code",
   "execution_count": 108,
   "metadata": {},
   "outputs": [
    {
     "name": "stdout",
     "output_type": "stream",
     "text": [
      "[[ 0.929368]\n",
      " [-0.502689]\n",
      " [ 2.001582]]\n"
     ]
    }
   ],
   "source": [
    "np.set_printoptions(precision=6)\n",
    "betahat = np.linalg.inv(X.T@X)@X.T@Y\n",
    "print(betahat)"
   ]
  },
  {
   "cell_type": "markdown",
   "metadata": {},
   "source": [
    "### 2.2\n",
    "As you might remember, to perform inference on the OLS estimators, we need to calculate the standard errors for the previously estimates OLS coefficients. Again, make sure you remember its equation, *and write up the OLS standard errors in matrix form:*"
   ]
  },
  {
   "cell_type": "markdown",
   "metadata": {},
   "source": [
    "$\\mathbf{\\widehat{Var(\\boldsymbol{\\hat{\\beta}})}} = \\text{Fill in here}$, for $\\hat{\\sigma}^2 = \\text{Fill in here}$, <br>\n",
    "\n",
    "where $SSR = \\sum_{i=0}^{N - 1} \\hat{u}^2_i$, $N$ is the number of observations, and $K$ is the number of explanatory variables including the constant."
   ]
  },
  {
   "cell_type": "markdown",
   "metadata": {},
   "source": [
    "*Hint: Look it up on p.60 in Wooldridge* <br>\n",
    "*Hint: Remember that the variance estimate is a function of $\\hat{\\sigma}^2$, which is calculated using SSR*"
   ]
  },
  {
   "cell_type": "markdown",
   "metadata": {},
   "source": [
    "### 2.3\n",
    "Estimate $\\boldsymbol{\\hat{\\beta}}$ from the synthetic data set. Furthermore, calculate standard errors and t-values (assuming that the assumptions of the classical linear regression model are satisfied)."
   ]
  },
  {
   "cell_type": "code",
   "execution_count": null,
   "metadata": {},
   "outputs": [],
   "source": [
    "def ols_estimation(y, X):\n",
    "    # Make sure that y and X are 2-D.\n",
    "    Y = Y.reshape(-1, 1)\n",
    "    if len(X.shape)<2:\n",
    "        X = X.reshape(-1, 1)\n",
    "\n",
    "    # Estimate beta\n",
    "    b_hat = \n",
    "\n",
    "    # Calculate standard errors\n",
    "    residual = # Fill in here\n",
    "    sigma = # Fill in here\n",
    "    varb = # Fill in here\n",
    "    se = # Fill in here\n",
    "\n",
    "    # Calculate t-values\n",
    "    t_values = b_hat/se\n",
    "    \n",
    "    return b_hat, se, t_values\n",
    "\n",
    "b_hat, se, t_values = ols_estimation(y, X)"
   ]
  },
  {
   "cell_type": "markdown",
   "metadata": {},
   "source": [
    "Python stores vectors as one-dimensional rather than two-dimensional objects. This can sometimes cause havoc when we want to compute matrix products. Compute the outer and inner products of the residuals from above using np.inner() and np.outer(). Compare these with your computed outer and inner products when using matrix multiplication @. When computing outer and inner products of a column vector, a, recall that a'a is the inner product and aa' is the outer product."
   ]
  },
  {
   "cell_type": "code",
   "execution_count": null,
   "metadata": {},
   "outputs": [],
   "source": [
    "res = # FILL IN HERE\n",
    "inner = # FILL IN HERE\n",
    "outer = # FILL IN HERE\n",
    "matmul_inner = # FILL IN HERE\n",
    "matmul_outer = # FILL IN HERE\n",
    "\n",
    "print('res shape:         ', res.shape)\n",
    "print('inner shape:       ', inner.shape)\n",
    "print('outer shape:       ', outer.shape)\n",
    "print('matmul_inner shape:', matmul_inner.shape)\n",
    "print('matmul_outer shape:', matmul_outer.shape)"
   ]
  },
  {
   "cell_type": "markdown",
   "metadata": {},
   "source": [
    "Now if we flatten the residuals to be stored in Python's default mode (i.e. one-dimensional) what happens?"
   ]
  },
  {
   "cell_type": "code",
   "execution_count": null,
   "metadata": {},
   "outputs": [],
   "source": [
    "res = res.flatten()\n",
    "inner = # FILL IN HERE\n",
    "outer = # FILL IN HERE\n",
    "matmul_inner = # FILL IN HERE\n",
    "matmul_outer = # FILL IN HERE\n",
    "\n",
    "print('res shape:         ', res.shape)\n",
    "print('inner shape:       ', inner.shape)\n",
    "print('outer shape:       ', outer.shape)\n",
    "print('matmul_inner shape:', matmul_inner.shape)\n",
    "print('matmul_outer shape:', matmul_outer.shape)"
   ]
  },
  {
   "cell_type": "markdown",
   "metadata": {},
   "source": [
    "I have written a code to print a table, using the `tabulate` package. You will need to add the row names for this code to work - each row contains a information about the different coefficients on the explanatory variables."
   ]
  },
  {
   "cell_type": "code",
   "execution_count": null,
   "metadata": {},
   "outputs": [],
   "source": [
    "def print_table(row_names, b, b_hat, se, t_values):\n",
    "    table = []\n",
    "\n",
    "    # Make a list, where each row contains the estimated and calculated values.\n",
    "    for index, name in enumerate(row_names):\n",
    "        table_row = [\n",
    "            name, b[index], b_hat[index], se[index], t_values[index]\n",
    "        ]\n",
    "        table.append(table_row)\n",
    "\n",
    "    # Print the list using the tabulate class.\n",
    "    headers = ['', '\\u03b2', '\\u03b2\\u0302 ', 'Se', 't-value']\n",
    "    print('OLS Estimates:\\n')\n",
    "    print(tabulate(table, headers, floatfmt=['', '.1f', '.3f', '.3f', '.1f']))\n",
    "\n",
    "row_names = # Fill in here\n",
    "print_table(# Fill in here)"
   ]
  },
  {
   "cell_type": "markdown",
   "metadata": {},
   "source": [
    "Alternatively, you can print a table which you can paste straight into latex using the following code. This uses panda data frames  which we'll cover next week."
   ]
  },
  {
   "cell_type": "code",
   "execution_count": null,
   "metadata": {},
   "outputs": [],
   "source": [
    "import pandas as pd\n",
    "dat = pd.DataFrame(zip(b,b_hat.round(4),se.round(4),t_values.round(4)))\n",
    "dat.columns = ['\\u03b2','\\u03b2\\u0302','se','t-values']\n",
    "dat.index = ['beta1','beta2','beta3']\n",
    "print(dat.style.to_latex())"
   ]
  },
  {
   "cell_type": "markdown",
   "metadata": {},
   "source": [
    "## Exercise 3 - a simple Monte Carlo Experiment\n",
    "Carry out a Monte Carlo experiment with $S = 200$ replications and $N = 100$ observations to check if the OLS estimator provides an unbiased estimate of $\\boldsymbol{\\beta}$\n",
    "### 3.1\n",
    "Generate 200 data sets similar to what you did in exercise 1, and estimate $\\boldsymbol{\\beta}$ on each of them."
   ]
  },
  {
   "cell_type": "markdown",
   "metadata": {},
   "source": [
    "*Hint:* Start by making prefilling two arrays using `np.zeros`, one array to store the estimated beta coefficients, and one to store the estimated standard errors. What shape should these arrays have?\n",
    "\n",
    "Then make a loop where each loop makes a random draw, and then estimates on this random draw. And finally stores the estimated coefficients and standard errors."
   ]
  },
  {
   "cell_type": "code",
   "execution_count": null,
   "metadata": {},
   "outputs": [],
   "source": [
    "# Initialize the variables and lists\n",
    "s = 200\n",
    "n = 100\n",
    "\n",
    "# Allocate memory for arrays to later fill\n",
    "b_coeffs = np.zeros((s, b.size))\n",
    "b_ses = np.zeros((s, b.size))\n",
    "\n",
    "for i in range(s):\n",
    "    # Generate data\n",
    "    X, eps = # Fill in here\n",
    "    y = # Fill in here\n",
    "\n",
    "    # Estimate coefficients and variance\n",
    "    b_hat, se, t_values = # Fill in here\n",
    "\n",
    "    # Store estimates\n",
    "    b_coeffs[i, :] = # Fill in here\n",
    "    b_ses[i, :] = # Fill in here\n",
    "\n",
    "# Make sure that there are no more zeros left in the arrays.\n",
    "assert np.all(b_coeffs) and np.all(b_ses), 'Not all coefficients or standard errors are non-zero.'"
   ]
  },
  {
   "cell_type": "markdown",
   "metadata": {},
   "source": [
    "### 3.2\n",
    "Do the following three calculations:\n",
    "- Calculate the means of the estimates (means across simulations)\n",
    "- Calculate the means of the standard errors (means across simulations)\n",
    "- Calculate the standard error of the MC estimates"
   ]
  },
  {
   "cell_type": "code",
   "execution_count": null,
   "metadata": {},
   "outputs": [],
   "source": [
    "mean_b_hat = # Fill in here\n",
    "mean_b_se = # Fill in here\n",
    "mean_mc_se = # Fill in here"
   ]
  },
  {
   "cell_type": "markdown",
   "metadata": {},
   "source": [
    "### 3.3\n",
    "Draw a histogram for the 200 estimates of $\\beta_1$. This can be done using matplotlib with the method `plt.hist()`."
   ]
  },
  {
   "cell_type": "code",
   "execution_count": null,
   "metadata": {},
   "outputs": [],
   "source": [
    "# Fill in here"
   ]
  }
 ],
 "metadata": {
  "kernelspec": {
   "display_name": "Python 3.8.13 ('base')",
   "language": "python",
   "name": "python3"
  },
  "language_info": {
   "codemirror_mode": {
    "name": "ipython",
    "version": 3
   },
   "file_extension": ".py",
   "mimetype": "text/x-python",
   "name": "python",
   "nbconvert_exporter": "python",
   "pygments_lexer": "ipython3",
   "version": "3.11.7"
  },
  "vscode": {
   "interpreter": {
    "hash": "28b1ca885001685b2bc3a39df2ddd10ef1aa60bad7babe65fad257ff6b65d8b6"
   }
  }
 },
 "nbformat": 4,
 "nbformat_minor": 2
}
